[
    0,
    1,
    123,
    -1,
    -123,
    +1,
    +123,
    123.456,
    123.,
    123.0,
    0.123,
    .123,
    123.456e7,
    123.E7,
    123.0e+7,
    0.123E-7,
    3e-4,
    343e-4,
    343e-44321,
    .123e-78,
    12123328479328743298472.873264832764283764328e-3,
    1298472.83764328e-3,
    +123.456,
    +123.,
    +123.0,
    +0.123,
    +.123,
    +123.456e7,
    +123.E7,
    +123.0e+7,
    +0.123E-7,
    +.123e-78,
    +3e-4,
    +343e-4,
    +343e-44321,
    -123.456,
    -123.,
    -123.0,
    -0.123,
    -.123,
    -123.456e7,
    -123.E7,
    -123.0e+7,
    -0.123E-7,
    -.123e-78,
    -3e-4,
    -343e-4,
    -343e-44321
]
